.Random.seed <-
c(403L, 10L, 241686243L, -2072484430L, -986149372L, -947952313L, 
285450269L, 835593876L, -666145222L, -245538683L, 1120167263L, 
-44626458L, 349693040L, -293144685L, 1449803825L, 207097568L, 
812754814L, -1328128503L, -1426262469L, -742356982L, 1549432812L, 
328219759L, 1667863461L, 1781789532L, -929202382L, -1294471635L, 
-330291993L, 2139465230L, 1063812072L, -169785877L, -2062528887L, 
-646734312L, 1684706630L, -665877599L, -1563759053L, 2124039074L, 
1917998740L, 1620751639L, 1696371469L, 1033454116L, -436434422L, 
1341944693L, -936716593L, -166856234L, 393745792L, 2019954115L, 
539290465L, 1909387728L, 2077223214L, 870101209L, -494777621L, 
-1558030502L, -656682724L, 1619982367L, 1299514485L, -1169432308L, 
599928034L, -114252355L, -794004937L, 918577374L, -614740968L, 
-1794493573L, -145849575L, -1495900248L, -1534722218L, -1376188463L, 
-1075031165L, 2043696658L, 269037988L, 320939367L, -1712960835L, 
-2057778636L, -302542438L, 1889594853L, -1625790081L, -1720647418L, 
1599945360L, 1679125299L, 1940771025L, -747814272L, -1822362786L, 
356638889L, 1330193243L, 1538101610L, 1721545740L, 1259164751L, 
-1927207675L, 1079150012L, -953675630L, 1062093709L, -1594494009L, 
57788590L, -696989432L, -2010728693L, 1451708905L, 407492280L, 
-1408835226L, -388668927L, 1908661395L, 834635586L, -1154819852L, 
-1022028553L, 776088813L, -1636860028L, 1124667818L, -833009899L, 
-1979460177L, 1194704310L, 1351451616L, 1972374307L, 1310354497L, 
1245929264L, 1056984398L, 1202671545L, -679196213L, -1704023430L, 
-1982816388L, 1630171071L, 942823573L, -677689684L, -1793092478L, 
892638301L, 741358423L, 933373502L, 548825720L, -1881179813L, 
1115306169L, 545290504L, 389426102L, -1543575311L, -1185054941L, 
-1950520974L, 1727011780L, -928245881L, -64438947L, 246043476L, 
-1116911238L, 827540677L, 1727526431L, -1977097818L, -1590914256L, 
1763369427L, -1299003407L, 1144922400L, -1426047042L, 1644646345L, 
1120223099L, 604030282L, -1339010644L, -162902865L, 73651813L, 
1818439196L, 53461106L, -1152755987L, 912218919L, 23172942L, 
-1641439320L, -180548693L, -1507129143L, 80564440L, -1864299130L, 
-429923231L, -1298946573L, 1977377890L, 259334868L, -537926697L, 
430111181L, -450056860L, -388134582L, 1098928309L, -1975797745L, 
-235892458L, 572320704L, -740907133L, -1908161119L, -2061301360L, 
1937633902L, 910205977L, -647636821L, -942822246L, -1753650084L, 
770505055L, -1554396363L, 661802700L, 1017723938L, -1751384451L, 
524501879L, 1255070878L, -378836136L, -1539780933L, -1528778663L, 
261993448L, 700880406L, 382204305L, -899376573L, 903289170L, 
-1508045340L, -828943321L, 599572605L, 908692852L, 68215130L, 
2078803877L, -1676466241L, 188030022L, 1245186768L, -1247169293L, 
-267087343L, 596173888L, 161581086L, -1407289623L, -1738398693L, 
123694122L, 624004940L, -1500179185L, 624826437L, -1082818052L, 
-1070100398L, 175643085L, -2131317881L, -651125138L, -63910328L, 
2024007755L, -1659559511L, -1020650248L, -429291482L, -1884243647L, 
-75278637L, -742179198L, 527967412L, 1131193970L, 1778472048L, 
-274142684L, 1352800312L, 1531244570L, -1024137520L, -1828914116L, 
1361439892L, 738314370L, 1336070080L, 521328956L, 1507112592L, 
2022842402L, -1937221624L, 753470604L, 993006620L, -333878638L, 
1102327936L, 458159124L, -259929816L, 926181946L, -1112034096L, 
-1906723732L, 513277620L, -675133422L, -1238128672L, 2005701580L, 
1272073696L, -1457913310L, 1454652712L, 2142188812L, 669527612L, 
-1724669710L, -1711919376L, 1103187780L, -1485226408L, 1256790586L, 
-866361616L, -276410180L, -1429822956L, -316169022L, 1671345248L, 
1430904188L, -1285553968L, 1394160674L, -454857048L, 1997915020L, 
-481010244L, -1664463822L, 888497984L, -611158860L, -1131583672L, 
127040186L, 417554192L, 1299016940L, 1755124820L, -557560046L, 
-26212448L, -1329425460L, 528548704L, -103672638L, 1093162536L, 
-924961364L, 1295747900L, -1210116238L, -1868064976L, 282891812L, 
-432982984L, -393539366L, 1625286032L, -1000281348L, -1822448748L, 
-1876154558L, 1667304960L, 53745212L, -1187751344L, 1092757154L, 
156943176L, -1823411700L, -1684182820L, 1530243666L, -1055059840L, 
547892052L, -1852377624L, -1425948934L, -1789007024L, -505340884L, 
-148625036L, -1416178030L, -689549728L, -247830900L, 2036221792L, 
57027298L, -1298435928L, -1013273396L, 739770876L, 1200000946L, 
-1519777296L, -269560380L, 952392536L, 1471737722L, 708019632L, 
472933820L, 1219290196L, -1052403774L, -2060273888L, 1658514364L, 
-1002469808L, 1201719778L, -1178008216L, 608599372L, -922651396L, 
-427070734L, 1917059840L, -460198284L, -1190251512L, 1550256570L, 
808686544L, -467556884L, -461238380L, 1069489874L, -89695648L, 
1850129740L, 1579823392L, 333368962L, -832707096L, 570754028L, 
564902460L, -370801038L, 1982831472L, 1094340900L, 1007678008L, 
-423528038L, -1487581744L, -2048815684L, -618244972L, 465090690L, 
2100542912L, -1329270980L, -1852727152L, -920966366L, -965031416L, 
-1278703348L, -71521892L, 55503378L, -785297536L, -68400364L, 
672547112L, 766658618L, -1255261232L, 622161516L, 1739592244L, 
1000826514L, -1865826976L, -1253947060L, 2048725984L, -1852309086L, 
-427419224L, -231909748L, 1712930236L, -1699605902L, -66671632L, 
656491076L, 1945104472L, 1378133050L, 393335920L, -262085572L, 
-2093136620L, -2057254206L, 1260680928L, 1561627772L, 73763536L, 
-1098249822L, 1088175144L, 975070988L, -2013360708L, -535083214L, 
115117760L, -66457548L, -379400504L, -474462022L, -710319472L, 
1329839852L, 816740948L, 2028547730L, -1959408352L, -759118388L, 
1406938848L, -952695614L, -1978172376L, 1574269868L, -1818480964L, 
-647981070L, -797025744L, -1663876188L, 1223822776L, 1252020058L, 
-1049911152L, 1021808508L, -1107192556L, -312112830L, -1009494784L, 
2040209852L, 585844048L, -2007838430L, -1637862840L, 1516454924L, 
914002524L, -1978554926L, -1148649984L, 777746772L, 1990454504L, 
2096044282L, 744192720L, -1639039188L, -1750579980L, -750314094L, 
1100673376L, -928215028L, -1846564640L, -1966352798L, 2110656680L, 
-1663287220L, 1368446844L, -1771229902L, 720318064L, 651966276L, 
-885837411L, 1559825447L, 252867152L, 2026168046L, -1687136357L, 
-614865411L, 1343592682L, 1317088136L, -1994218191L, 157916579L, 
-1871091292L, 1833364562L, -2096490585L, -2021776399L, -1589356746L, 
436679636L, 954849637L, 190326127L, -1872758872L, -1332347642L, 
-448871373L, -1230134635L, 437998322L, 1606294336L, 2078568617L, 
-844663525L, -111504660L, 1435258618L, 714637103L, 1306083129L, 
-405733042L, 313106332L, 763055373L, -2020370569L, -1549692032L, 
-347190818L, -1025298773L, -933875283L, 97584666L, -1036019496L, 
1181967681L, 1421495795L, -1902494700L, -853655134L, -1076971849L, 
-1888427903L, -1617651578L, -82481980L, 686639605L, 1686873183L, 
1779635896L, -194283626L, -2123493981L, 1410126181L, -1058809726L, 
1792889328L, 292153241L, -491437685L, 1031699580L, 1127847594L, 
368021727L, 1159984745L, 1701127294L, 958966892L, 1030892733L, 
-32037497L, -962772624L, -1180388338L, 1408485691L, 306517533L, 
90729162L, -1194121752L, 1106471633L, 696137411L, -208011836L, 
-1559831950L, -750861497L, 898398993L, 503277206L, -899122188L, 
-1537456763L, -842524465L, -1712180792L, -1366445978L, 48621203L, 
-1956383243L, 1159219154L, -1175497696L, 423282185L, -103145669L, 
486216332L, 808437530L, -1987409521L, -456317223L, 23456110L, 
1587311868L, -41120147L, -1202763241L, 165117920L, 191413182L, 
-948856437L, 123275789L, -765041094L, 1910918776L, 1305978401L, 
-474695469L, -2083567628L, -2107338622L, -1824290537L, -1467809823L, 
-1923655386L, -322979804L, 143317717L, 981395071L, 130639640L, 
-2016287178L, -1941358397L, 2049070341L, 1124277410L, -684359024L, 
-274821575L, -161304853L, -885723172L, 1344205322L, -1685777153L, 
-2004565687L, -598592802L, 1118445708L, 1195210845L, 1931540071L, 
-1698076784L, 329673646L, 1593528923L, -439349699L, 301879466L, 
-1053167288L, -1372588687L, 1679213283L, 1616038372L, -969562862L, 
1479645415L, -2046452047L, 456983798L, -625543404L, -2132492251L, 
